6049	14356280
6050	14373280
6051	14374280
6052	14375280
6053	14376280
6054	14377280
6055	14378280
6056	14379280
6057	14380280
6058	14381280
6059	14382280
6060	14398280
6061	14399280
6062	14400280
6063	14401280
6064	14402280
6065	14403280
6066	14404280
6067	14405280
6068	14406280
6069	14407280
6070	14424280
6071	14425280
6072	14426280
6073	14427280
6074	14428280
6075	14429280
6076	14430280
6077	14431280
6078	14432288
6079	14433288
6080	14449304
6081	14450304
6082	14451304
6083	14452304
6084	14453304
6085	14454304
6086	14455304
6087	14456304
6088	14457304
6089	14458312
6090	14474320
6091	14475320
6092	14476320
6093	14477320
6094	14478320
6095	14479320
6096	14480320
6097	14481320
6098	14482320
6099	14483320
6100	14500320
6101	14501320
6102	14502320
6103	14503320
6104	14504320
6105	14505320
6106	14506320
6107	14507320
6108	14508320
6109	14509320
6110	14525320
6111	14526320
6112	14527320
6113	14528320
6114	14529320
6115	14530320
6116	14531320
6117	14532320
6118	14533320
6119	14534320
6120	14551320
6121	14552320
6122	14553320
6123	14554320
6124	14555320
6125	14556320
6126	14557320
6127	14558320
6128	14559320
6129	14560320
6130	14576320
6131	14577320
6132	14578320
6133	14579320
6134	14580320
6135	14581320
6136	14582320
6137	14583320
6138	14584320
6139	14585320
6140	14602320
6141	14603320
6142	14604320
6143	14605320
6144	14606320
6145	14607320
6146	14608320
6147	14609320
6148	14610320
6149	14611320
6150	14627320
6151	14628320
6152	14629320
6153	14630320
6154	14631320
6155	14632320
6156	14633320
6157	14634320
6158	14635320
6159	14636320
6160	14653328
6161	14654328
6162	14655328
6163	14656328
6164	14657328
6165	14658328
6166	14659328
6167	14660328
6168	14661328
6169	14662328
6170	14678344
6171	14679344
6172	14680344
6173	14681352
6174	14682352
6175	14683352
6176	14684352
6177	14685352
6178	14686352
6179	14687352
6180	14704360
6181	14705360
6182	14706360
6183	14707360
6184	14708360
6185	14709360
6186	14710360
6187	14711360
6188	14712360
6189	14713360
6190	14729360
6191	14730360
6192	14731360
6193	14732360
6194	14733360
6195	14734360
6196	14735360
6197	14736360
6198	14737360
6199	14738360
6200	14755360
6201	14756360
6202	14757360
6203	14758360
6204	14759360
6205	14760360
6206	14761360
6207	14762360
6208	14763360
6209	14764360
6210	14780360
6211	14781360
6212	14782360
6213	14783360
6214	14784360
6215	14785360
6216	14786360
6217	14787360
6218	14788360
6219	14789360
6220	14806360
6221	14807360
6222	14808360
6223	14809360
6224	14810360
6225	14811360
6226	14812360
6227	14813360
6228	14814360
6229	14815360
6230	14831360
6231	14832360
6232	14833360
6233	14834360
6234	14835360
6235	14836360
6236	14837360
6237	14838360
6238	14839360
6239	14840360
6240	14857360
6241	14858360
6242	14859360
6243	14860360
6244	14861360
6245	14862368
6246	14863368
6247	14864368
6248	14865368
6249	14866368
6250	14882384
6251	14883384
6252	14884384
6253	14885384
6254	14886384
6255	14887392
6256	14888392
6257	14889392
6258	14890392
6259	14891392
6260	14908400
6261	14909400
6262	14910400
6263	14911400
6264	14912400
6265	14913400
6266	14914400
6267	14915400
6268	14916400
6269	14917400
6270	14933400
6271	14934400
6272	14935400
6273	14936400
6274	14937400
6275	14938400
6276	14939400
6277	14940400
6278	14941400
6279	14942400
6280	14959400
6281	14960400
6282	14961400
6283	14962400
6284	14963400
6285	14964400
6286	14965400
6287	14966400
6288	14967400
6289	14968400
6290	14984400
6291	14985400
6292	14986400
6293	14987400
6294	14988400
6295	14989400
6296	14990400
6297	14991400
6298	14992400
6299	14993400
6300	15010400
6301	15011400
6302	15012400
6303	15013400
6304	15014400
6305	15015400
6306	15016400
6307	15017400
6308	15018400
6309	15019400
6310	15035400
6311	15036400
6312	15037400
6313	15038400
6314	15039400
6315	15040400
6316	15041400
6317	15042400
6318	15043400
6319	15044400
6320	15061400
6321	15062400
6322	15063400
6323	15064400
6324	15065400
6325	15066400
6326	15067400
6327	15068400
6328	15069400
6329	15070400
6330	15086408
6331	15087408
6332	15088408
6333	15089408
6334	15090408
6335	15091408
6336	15092408
6337	15093416
6338	15094416
6339	15095416
6340	15112432
6341	15113432
6342	15114432
6343	15115432
6344	15116432
6345	15117432
6346	15118432
6347	15119440
6348	15120440
6349	15121440
6350	15137440
6351	15138440
6352	15139440
6353	15140440
6354	15141440
6355	15142440
6356	15143440
6357	15144440
6358	15145440
6359	15146440
6360	15163440
6361	15164440
6362	15165440
6363	15166440
6364	15167440
6365	15168440
6366	15169440
6367	15170440
6368	15171440
6369	15172440
6370	15188440
6371	15189440
6372	15190440
6373	15191440
6374	15192440
6375	15193440
6376	15194440
6377	15195440
6378	15196440
6379	15197440
6380	15214440
6381	15215440
6382	15216440
6383	15217440
6384	15218440
6385	15219440
6386	15220440
6387	15221440
6388	15222440
6389	15223440
6390	15239440
6391	15240440
6392	15241440
6393	15242440
6394	15243440
6395	15244440
6396	15245440
6397	15246440
6398	15247440
6399	15248440
6400	15265440
6401	15266440
6402	15267440
6403	15268440
6404	15269440
6405	15270440
6406	15271440
6407	15272440
6408	15273440
6409	15274440
6410	15290440
6411	15291440
6412	15292448
6413	15293448
6414	15294448
6415	15295448
6416	15296448
6417	15297448
6418	15298448
6419	15299456
6420	15316472
6421	15317472
6422	15318472
6423	15319472
6424	15320472
6425	15321472
6426	15322472
6427	15323472
6428	15324472
6429	15325480
6430	15341480
6431	15342480
6432	15343480
6433	15344480
6434	15345480
6435	15346480
6436	15347480
6437	15348480
6438	15349480
6439	15350480
6440	15367480
6441	15368480
6442	15369480
6443	15370480
6444	15371480
6445	15372480
6446	15373480
6447	15374480
6448	15375480
6449	15376480
6450	15392480
6451	15393480
6452	15394480
6453	15395480
6454	15396480
6455	15397480
6456	15398480
6457	15399480
6458	15400480
6459	15401480
6460	15418480
6461	15419480
6462	15420480
6463	15421480
6464	15422480
6465	15423480
6466	15424480
6467	15425480
6468	15426480
6469	15427480
6470	15443480
6471	15444480
6472	15445480
6473	15446480
6474	15447480
6475	15448480
6476	15449480
6477	15450480
6478	15451480
6479	15452480
6480	15469480
6481	15470480
6482	15471480
6483	15472480
6484	15473480
6485	15474480
6486	15475480
6487	15476480
6488	15477480
6489	15478480
6490	15494480
6491	15495480
6492	15496480
6493	15497480
6494	15498480
6495	15499480
6496	15500480
6497	15501480
6498	15502480
6499	15503480
6500	15520488
6501	15521488
6502	15522496
6503	15523496
6504	15524496
6505	15525496
6506	15526496
6507	15527496
6508	15528496
6509	15529496
6510	15545512
6511	15546512
6512	15547512
6513	15548520
6514	15549520
6515	15550520
6516	15551520
6517	15552520
6518	15553520
6519	15554520
6520	15571520
6521	15572520
6522	15573520
6523	15574520
6524	15575520
6525	15576520
6526	15577520
6527	15578520
6528	15579520
6529	15580520
6530	15596520
6531	15597520
6532	15598520
6533	15599520
6534	15600520
6535	15601520
6536	15602520
6537	15603520
6538	15604520
6539	15605520
6540	15622520
6541	15623520
6542	15624520
6543	15625520
6544	15626520
6545	15627520
6546	15628520
6547	15629520
6548	15630520
6549	15631520
6550	15647520
6551	15648520
6552	15649520
6553	15650520
6554	15651520
6555	15652520
6556	15653520
6557	15654520
6558	15655520
6559	15656520
6560	15673520
6561	15674520
6562	15675520
6563	15676520
6564	15677520
6565	15678520
6566	15679520
6567	15680520
6568	15681520
6569	15682520
6570	15698520
6571	15699520
6572	15700520
6573	15701520
6574	15702520
6575	15703520
6576	15704520
6577	15705520
6578	15706520
6579	15707520
6580	15724528
6581	15725528
6582	15726528
6583	15727528
6584	15728536
6585	15729536
6586	15730536
6587	15731536
6588	15732536
6589	15733536
6590	15749552
6591	15750552
6592	15751552
6593	15752552
6594	15753552
6595	15754560
6596	15755560
6597	15756560
6598	15757560
6599	15758560
6600	15775560
6601	15776560
6602	15777560
6603	15778560
6604	15779560
6605	15780560
6606	15781560
6607	15782560
6608	15783560
6609	15784560
6610	15800560
6611	15801560
6612	15802560
6613	15803560
6614	15804560
6615	15805560
6616	15806560
6617	15807560
6618	15808560
6619	15809560
6620	15826560
6621	15827560
6622	15828560
6623	15829560
6624	15830560
6625	15831560
6626	15832560
6627	15833560
6628	15834560
6629	15835560
6630	15851560
6631	15852560
6632	15853560
6633	15854560
6634	15855560
6635	15856560
6636	15857560
6637	15858560
6638	15859560
6639	15860560
6640	15877560
6641	15878560
6642	15879560
6643	15880560
6644	15881560
6645	15882560
6646	15883560
6647	15884560
6648	15885560
6649	15886560
6650	15902560
6651	15903560
6652	15904560
6653	15905560
6654	15906560
6655	15907560
6656	15908560
6657	15909560
6658	15910560
6659	15911560
6660	15928560
6661	15929560
6662	15930560
6663	15931560
6664	15932560
6665	15933560
6666	15934560
6667	15935560
6668	15936560
6669	15937568
6670	15953576
6671	15954576
6672	15955576
6673	15956576
6674	15957576
6675	15958576
6676	15959584
6677	15960584
6678	15961584
6679	15962584
6680	15979600
6681	15980600
6682	15981600
6683	15982600
6684	15983600
6685	15984600
6686	15985600
6687	15986600
6688	15987600
6689	15988600
6690	16004600
6691	16005600
6692	16006600
6693	16007600
6694	16008600
6695	16009600
6696	16010600
6697	16011600
6698	16012600
6699	16013600
6700	16030600
6701	16031600
6702	16032600
6703	16033600
6704	16034600
6705	16035600
6706	16036600
6707	16037600
6708	16038600
6709	16039600
6710	16055600
6711	16056600
6712	16057600
6713	16058600
6714	16059600
6715	16060600
6716	16061600
6717	16062600
6718	16063600
6719	16064600
6720	16081600
6721	16082600
6722	16083600
6723	16084600
6724	16085600
6725	16086600
6726	16087600
6727	16088600
6728	16089600
6729	16090600
6730	16106600
6731	16107600
6732	16108600
6733	16109600
6734	16110600
6735	16111600
6736	16112600
6737	16113600
6738	16114600
6739	16115600
6740	16132600
6741	16133600
6742	16134600
6743	16135600
6744	16136600
6745	16137600
6746	16138600
6747	16139600
6748	16140600
6749	16141600
6750	16157616
6751	16158616
6752	16159616
6753	16160616
6754	16161616
6755	16162616
6756	16163616
6757	16164616
6758	16165624
6759	16166624
6760	16183640
6761	16184640
6762	16185640
6763	16186640
6764	16187640
6765	16188640
6766	16189640
6767	16190640
6768	16191640
6769	16192640
6770	16208640
6771	16209640
6772	16210640
6773	16211640
6774	16212640
6775	16213640
6776	16214640
6777	16215640
6778	16216640
6779	16217640
6780	16234640
6781	16235640
6782	16236640
6783	16237640
6784	16238640
6785	16239640
6786	16240640
6787	16241640
6788	16242640
6789	16243640
6790	16259640
6791	16260640
6792	16261640
6793	16262640
6794	16263640
6795	16264640
6796	16265640
6797	16266640
6798	16267640
6799	16268640
6800	16285640
6801	16286640
6802	16287640
6803	16288640
6804	16289640
6805	16290640
6806	16291640
6807	16292640
6808	16293640
6809	16294640
6810	16310640
6811	16311640
6812	16312640
6813	16313640
6814	16314640
6815	16315640
6816	16316640
6817	16317640
6818	16318640
6819	16319640
6820	16336640
6821	16337640
6822	16338640
6823	16339640
6824	16340640
6825	16341640
6826	16342640
6827	16343640
6828	16344640
6829	16345640
6830	16361640
6831	16362640
6832	16363640
6833	16364640
6834	16365640
6835	16366640
6836	16367648
6837	16368648
6838	16369648
6839	16370648
6840	16387656
6841	16388664
6842	16389664
6843	16390664
6844	16391664
6845	16392664
6846	16393664
6847	16394664
6848	16395664
6849	16396664
6850	16412680
6851	16413680
6852	16414680
6853	16415680
6854	16416680
6855	16417680
6856	16418680
6857	16419680
6858	16420680
6859	16421680
6860	16438680
6861	16439680
6862	16440680
6863	16441680
6864	16442680
6865	16443680
6866	16444680
6867	16445680
6868	16446680
6869	16447680
6870	16463680
6871	16464680
6872	16465680
6873	16466680
6874	16467680
6875	16468680
6876	16469680
6877	16470680
6878	16471680
6879	16472680
6880	16489680
6881	16490680
6882	16491680
6883	16492680
6884	16493680
6885	16494680
6886	16495680
6887	16496680
6888	16497680
6889	16498680
6890	16514680
6891	16515680
6892	16516680
6893	16517680
6894	16518680
6895	16519680
6896	16520680
6897	16521680
6898	16522680
6899	16523680
6900	16540680
6901	16541680
6902	16542680
6903	16543680
6904	16544680
6905	16545680
6906	16546680
6907	16547680
6908	16548680
6909	16549680
6910	16565680
6911	16566680
6912	16567680
6913	16568680
6914	16569680
6915	16570680
6916	16571680
6917	16572680
6918	16573680
6919	16574680
6920	16591696
6921	16592696
6922	16593696
6923	16594704
6924	16595704
6925	16596704
6926	16597704
6927	16598704
6928	16599704
6929	16600704
6930	16616720
6931	16617720
6932	16618720
6933	16619720
6934	16620720
6935	16621720
6936	16622720
6937	16623720
6938	16624720
6939	16625720
6940	16642720
6941	16643720
6942	16644720
6943	16645720
6944	16646720
6945	16647720
6946	16648720
6947	16649720
6948	16650720
6949	16651720
6950	16667720
6951	16668720
6952	16669720
6953	16670720
6954	16671720
6955	16672720
6956	16673720
6957	16674720
6958	16675720
6959	16676720
6960	16693720
6961	16694720
6962	16695720
6963	16696720
6964	16697720
6965	16698720
6966	16699720
6967	16700720
6968	16701720
6969	16702720
6970	16718720
6971	16719720
6972	16720720
6973	16721720
6974	16722720
6975	16723720
6976	16724720
6977	16725720
6978	16726720
6979	16727720
6980	16744720
6981	16745720
6982	16746720
6983	16747720
6984	16748720
6985	16749720
6986	16750720
6987	16751720
6988	16752720
6989	16753720
6990	16769720
6991	16770720
6992	16771720
6993	16772720
6994	16773720
6995	16774720
6996	16775720
6997	16776720
6998	16777720
6999	16778720
7000	16795720
7001	16796720
7002	16797728
7003	16798728
7004	16799728
7005	16800728
7006	16801728
7007	16802728
7008	16803728
7009	16804728
7010	16820744
7011	16821744
7012	16822744
7013	16823744
7014	16824744
7015	16825744
7016	16826752
7017	16827752
7018	16828752
7019	16829752
7020	16846760
7021	16847760
7022	16848760
7023	16849760
7024	16850760
7025	16851760
7026	16852760
7027	16853760
7028	16854760
7029	16855760
7030	16871760
7031	16872760
7032	16873760
7033	16874760
7034	16875760
7035	16876760
7036	16877760
7037	16878760
7038	16879760
7039	16880760
7040	16897760
7041	16898760
7042	16899760
7043	16900760
7044	16901760
7045	16902760
7046	16903760
7047	16904760
7048	16905760
7049	16906760
7050	16922760
7051	16923760
7052	16924760
7053	16925760
7054	16926760
7055	16927760
7056	16928760
7057	16929760
7058	16930760
7059	16931760
7060	16948760
7061	16949760
7062	16950760
7063	16951760
7064	16952760
7065	16953760
7066	16954760
7067	16955760
7068	16956760
7069	16957760
7070	16973760
7071	16974760
7072	16975760
7073	16976760
7074	16977760
7075	16978760
7076	16979760
7077	16980760
7078	16981760
7079	16982760
7080	16999760
7081	17000760
7082	17001760
7083	17002760
7084	17003760
7085	17004760
7086	17005760
7087	17006760
7088	17007760
7089	17008760
7090	17024784
7091	17025784
7092	17026784
7093	17027784
7094	17028784
7095	17029784
7096	17030784
7097	17031784
7098	17032792
7099	17033792
7100	17049800
7101	17050800
7102	17051800
7103	17052800
7104	17053800
7105	17054800
7106	17055800
7107	17056800
7108	17057800
7109	17058800
7110	17075800
7111	17076800
7112	17077800
7113	17078800
7114	17079800
7115	17080800
7116	17081800
7117	17082800
7118	17083800
7119	17084800
7120	17100800
7121	17101800
7122	17102800
7123	17103800
7124	17104800
7125	17105800
7126	17106800
7127	17107800
7128	17108800
7129	17109800
7130	17126800
7131	17127800
7132	17128800
7133	17129800
7134	17130800
7135	17131800
7136	17132800
7137	17133800
7138	17134800
7139	17135800
7140	17151800
7141	17152800
7142	17153800
7143	17154800
7144	17155800
7145	17156800
7146	17157800
7147	17158800
7148	17159800
7149	17160800
7150	17177800
7151	17178800
7152	17179800
7153	17180800
7154	17181800
7155	17182800
7156	17183800
7157	17184800
7158	17185800
7159	17186800
7160	17202800
7161	17203800
7162	17204800
7163	17205800
7164	17206800
7165	17207800
7166	17208800
7167	17209800
7168	17210800
7169	17211800
7170	17228808
7171	17229808
7172	17230808
7173	17231808
7174	17232808
7175	17233808
7176	17234808
7177	17235808
7178	17236808
7179	17237808
7180	17253824
7181	17254824
7182	17255832
7183	17256832
7184	17257832
7185	17258832
7186	17259832
7187	17260832
7188	17261832
7189	17262832
7190	17279840
7191	17280840
7192	17281840
7193	17282840
7194	17283840
7195	17284840
7196	17285840
7197	17286840
7198	17287840
7199	17288840
7200	17304840
7201	17305840
7202	17306840
7203	17307840
7204	17308840
7205	17309840
7206	17310840
7207	17311840
7208	17312840
7209	17313840
7210	17330840
7211	17331840
7212	17332840
7213	17333840
7214	17334840
7215	17335840
7216	17336840
7217	17337840
7218	17338840
7219	17339840
7220	17355840
7221	17356840
7222	17357840
7223	17358840
7224	17359840
7225	17360840
7226	17361840
7227	17362840
7228	17363840
7229	17364840
7230	17381840
7231	17382840
7232	17383840
7233	17384840
7234	17385840
7235	17386840
7236	17387840
7237	17388840
7238	17389840
7239	17390840
7240	17406840
7241	17407840
7242	17408840
7243	17409840
7244	17410840
7245	17411840
7246	17412840
7247	17413840
7248	17414840
7249	17415840
7250	17432840
7251	17433840
7252	17434840
7253	17435840
7254	17436840
7255	17437840
7256	17438840
7257	17439840
7258	17440840
7259	17441840
7260	17457864
7261	17458864
7262	17459864
7263	17460864
7264	17461872
7265	17462872
7266	17463872
7267	17464872
7268	17465872
7269	17466872
7270	17483880
7271	17484880
7272	17485880
7273	17486880
7274	17487880
7275	17488880
7276	17489880
7277	17490880
7278	17491880
7279	17492880
7280	17508880
7281	17509880
7282	17510880
7283	17511880
7284	17512880
7285	17513880
7286	17514880
7287	17515880
7288	17516880
7289	17517880
7290	17534880
7291	17535880
7292	17536880
7293	17537880
7294	17538880
7295	17539880
7296	17540880
7297	17541880
7298	17542880
7299	17543880
7300	17559880
7301	17560880
7302	17561880
7303	17562880
7304	17563880
7305	17564880
7306	17565880
7307	17566880
7308	17567880
7309	17568880
7310	17585880
7311	17586880
7312	17587880
7313	17588880
7314	17589880
7315	17590880
7316	17591880
7317	17592880
7318	17593880
7319	17594880
7320	17610880
7321	17611880
7322	17612880
7323	17613880
7324	17614880
7325	17615888
7326	17616896
7327	17617896
7328	17618896
7329	17619896
7330	17636912
7331	17637912
7332	17638912
7333	17639912
7334	17640912
7335	17641912
7336	17642920
7337	17643920
7338	17644920
7339	17645920
7340	17661920
7341	17662920
7342	17663920
7343	17664920
7344	17665920
7345	17666920
7346	17667920
7347	17668920
7348	17669920
7349	17670920
7350	17687920
7351	17688920
7352	17689920
7353	17690920
7354	17691920
7355	17692920
7356	17693920
7357	17694920
7358	17695920
7359	17696920
7360	17712920
7361	17713920
7362	17714920
7363	17715920
7364	17716920
7365	17717920
7366	17718920
7367	17719920
7368	17720920
7369	17721920
7370	17738920
7371	17739920
7372	17740920
7373	17741920
7374	17742920
7375	17743920
7376	17744920
7377	17745920
7378	17746920
7379	17747920
7380	17763920
7381	17764920
7382	17765920
7383	17766920
7384	17767920
7385	17768920
7386	17769920
7387	17770920
7388	17771920
7389	17772920
7390	17789920
7391	17790920
7392	17791920
7393	17792920
7394	17793920
7395	17794920
7396	17795920
7397	17796920
7398	17797920
7399	17798920
7400	17814920
7401	17815920
7402	17816920
7403	17817920
7404	17818920
7405	17819920
7406	17820920
7407	17821920
7408	17822920
7409	17823920
7410	17840936
7411	17841936
7412	17842936
7413	17843936
7414	17844936
7415	17845936
7416	17846936
7417	17847944
7418	17848944
7419	17849944
7420	17865960
7421	17866960
7422	17867960
7423	17868960
7424	17869960
7425	17870960
7426	17871960
7427	17872960
7428	17873960
7429	17874960
7430	17891960
7431	17892960
7432	17893960
7433	17894960
7434	17895960
7435	17896960
7436	17897960
7437	17898960
7438	17899960
7439	17900960
7440	17916960
7441	17917960
7442	17918960
7443	17919960
7444	17920960
7445	17921960
7446	17922960
7447	17923960
7448	17924960
7449	17925960
7450	17942960
7451	17943960
7452	17944960
7453	17945960
7454	17946960
7455	17947960
7456	17948960
7457	17949960
7458	17950960
7459	17951960
7460	17967960
7461	17968960
7462	17969960
7463	17970960
7464	17971960
7465	17972960
7466	17973960
7467	17974960
7468	17975960
7469	17976960
7470	17993960
7471	17994960
7472	17995960
7473	17996960
7474	17997960
7475	17998960
7476	17999960
7477	18000960
7478	18001960
7479	18002968
7480	18018976
7481	18019984
7482	18020984
7483	18021984
7484	18022984
7485	18023984
7486	18024984
7487	18025984
7488	18026984
7489	18027984
7490	18045000
7491	18046000
7492	18047008
7493	18048008
7494	18049008
7495	18050008
7496	18051008
7497	18052008
7498	18053008
7499	18054008
7500	18070016
7501	18071016
7502	18072016
7503	18073024
7504	18074024
7505	18075024
7506	18076024
7507	18077024
7508	18078024
7509	18079024
7510	18096040
7511	18097040
7512	18098040
7513	18099040
7514	18100040
7515	18101040
7516	18102040
7517	18103040
7518	18104040
7519	18105040
7520	18121040
7521	18122040
7522	18123040
7523	18124040
7524	18125040
7525	18126040
7526	18127040
7527	18128040
7528	18129040
7529	18130040
7530	18147040
7531	18148040
7532	18149040
7533	18150040
7534	18151040
7535	18152040
7536	18153040
7537	18154040
7538	18155040
7539	18156040
7540	18172040
7541	18173040
7542	18174040
7543	18175040
7544	18176040
7545	18177048
7546	18178048
7547	18179048
7548	18180048
7549	18181048
7550	18198064
7551	18199064
7552	18200064
7553	18201064
7554	18202064
7555	18203072
7556	18204072
7557	18205072
7558	18206072
7559	18207072
7560	18223088
7561	18224088
7562	18225088
7563	18226088
7564	18227088
7565	18228088
7566	18229088
7567	18230088
7568	18231088
7569	18232088
7570	18249104
7571	18250104
7572	18251104
7573	18252104
7574	18253104
7575	18254104
7576	18255104
7577	18256112
7578	18257112
7579	18258112
7580	18274120
7581	18275120
7582	18276120
7583	18277120
7584	18278120
7585	18279120
7586	18280120
7587	18281120
7588	18282120
7589	18283120
7590	18300120
7591	18301120
7592	18302120
7593	18303120
7594	18304120
7595	18305120
7596	18306120
7597	18307120
7598	18308120
7599	18309120
7600	18325120
7601	18326120
7602	18327120
7603	18328120
7604	18329120
7605	18330120
7606	18331120
7607	18332120
7608	18333120
7609	18334120
7610	18351128
7611	18352128
7612	18353128
7613	18354128
7614	18355128
7615	18356128
7616	18357128
7617	18358128
7618	18359128
7619	18360136
7620	18376144
7621	18377152
7622	18378152
7623	18379152
7624	18380152
7625	18381152
7626	18382152
7627	18383152
7628	18384152
7629	18385152
7630	18402168
7631	18403168
7632	18404168
7633	18405168
7634	18406168
7635	18407168
7636	18408168
7637	18409168
7638	18410168
7639	18411168
7640	18427184
7641	18428184
7642	18429184
7643	18430192
7644	18431192
7645	18432192
7646	18433192
7647	18434192
7648	18435192
7649	18436192
7650	18453200
7651	18454200
7652	18455200
7653	18456200
7654	18457200
7655	18458200
7656	18459200
7657	18460200
7658	18461200
7659	18462200
7660	18478200
7661	18479200
7662	18480200
7663	18481200
7664	18482200
7665	18483200
7666	18484200
7667	18485200
7668	18486200
7669	18487200
7670	18504200
7671	18505200
7672	18506200
7673	18507200
7674	18508200
7675	18509200
7676	18510200
7677	18511200
7678	18512200
7679	18513200
7680	18529200
7681	18530200
7682	18531200
7683	18532200
7684	18533200
7685	18534200
7686	18535200
7687	18536200
7688	18537200
7689	18538200
7690	18555200
7691	18556200
7692	18557200
7693	18558200
7694	18559200
7695	18560200
7696	18561200
7697	18562200
7698	18563200
7699	18564200
7700	18580200
7701	18581200
7702	18582200
7703	18583200
7704	18584200
7705	18585200
7706	18586200
7707	18587200
7708	18588200
7709	18589200
7710	18606200
7711	18607200
7712	18608200
7713	18609200
7714	18610208
7715	18611208
7716	18612208
7717	18613208
7718	18614208
7719	18615208
7720	18631224
7721	18632224
7722	18633224
7723	18634224
7724	18635224
7725	18636232
7726	18637232
7727	18638232
7728	18639232
7729	18640232
7730	18657240
7731	18658240
7732	18659240
7733	18660240
7734	18661240
7735	18662240
7736	18663240
7737	18664240
7738	18665240
7739	18666240
7740	18682240
7741	18683240
7742	18684240
7743	18685240
7744	18686240
7745	18687240
7746	18688240
7747	18689240
7748	18690240
7749	18691240
7750	18708240
7751	18709240
7752	18710240
7753	18711240
7754	18712240
7755	18713240
7756	18714240
7757	18715240
7758	18716240
7759	18717240
7760	18733240
7761	18734240
7762	18735240
7763	18736240
7764	18737240
7765	18738240
7766	18739240
7767	18740240
7768	18741240
7769	18742240
7770	18759240
7771	18760240
7772	18761240
7773	18762240
7774	18763240
7775	18764240
7776	18765240
7777	18766240
7778	18767240
7779	18768240
7780	18784240
7781	18785240
7782	18786240
7783	18787240
7784	18788240
7785	18789240
7786	18790240
7787	18791240
7788	18792240
7789	18793240
7790	18810240
7791	18811240
7792	18812240
7793	18813240
7794	18814240
7795	18815240
7796	18816240
7797	18817240
7798	18818240
7799	18819240
7800	18835248
7801	18836248
7802	18837248
7803	18838248
7804	18839248
7805	18840248
7806	18841248
7807	18842256
7808	18843256
7809	18844256
7810	18861272
7811	18862272
7812	18863272
7813	18864272
7814	18865272
7815	18866272
7816	18867272
7817	18868280
7818	18869280
7819	18870280
7820	18886280
7821	18887280
7822	18888280
7823	18889280
7824	18890280
7825	18891280
7826	18892280
7827	18893280
7828	18894280
7829	18895280
7830	18912280
7831	18913280
7832	18914280
7833	18915280
7834	18916280
7835	18917280
7836	18918280
7837	18919280
7838	18920280
7839	18921280
7840	18937280
7841	18938280
7842	18939280
7843	18940280
7844	18941280
7845	18942280
7846	18943280
7847	18944280
7848	18945280
7849	18946280
7850	18963280
7851	18964280
7852	18965280
7853	18966280
7854	18967280
7855	18968280
7856	18969280
7857	18970280
7858	18971280
7859	18972280
7860	18988280
7861	18989280
7862	18990280
7863	18991280
7864	18992280
7865	18993280
7866	18994280
7867	18995280
7868	18996280
7869	18997280
7870	19014280
7871	19015280
7872	19016280
7873	19017280
7874	19018280
7875	19019280
7876	19020280
7877	19021280
7878	19022280
7879	19023280
7880	19039280
7881	19040288
7882	19041288
7883	19042288
7884	19043288
7885	19044288
7886	19045288
7887	19046288
7888	19047288
7889	19048296
7890	19064304
7891	19065312
7892	19066312
7893	19067312
7894	19068312
7895	19069312
7896	19070312
7897	19071312
7898	19072312
7899	19073312
7900	19090320
7901	19091320
7902	19092320
7903	19093320
7904	19094320
7905	19095320
7906	19096320
7907	19097320
7908	19098320
7909	19099320
7910	19115320
7911	19116320
7912	19117320
7913	19118320
7914	19119320
7915	19120320
7916	19121320
7917	19122320
7918	19123320
7919	19124320
7920	19141320
7921	19142320
7922	19143320
7923	19144320
7924	19145320
7925	19146320
7926	19147320
7927	19148320
7928	19149320
7929	19150320
7930	19166320
7931	19167320
7932	19168320
7933	19169320
7934	19170320
7935	19171320
7936	19172320
7937	19173320
7938	19174320
7939	19175320
7940	19192320
7941	19193320
7942	19194320
7943	19195320
7944	19196320
7945	19197320
7946	19198320
7947	19199320
7948	19200320
7949	19201320
7950	19217320
7951	19218320
7952	19219320
7953	19220320
7954	19221320
7955	19222320
7956	19223320
7957	19224320
7958	19225320
7959	19226320
7960	19243320
7961	19244320
7962	19245320
7963	19246320
7964	19247320
7965	19248320
7966	19249320
7967	19250320
7968	19251320
7969	19252320
7970	19268328
7971	19269328
7972	19270328
7973	19271336
7974	19272336
7975	19273336
7976	19274336
7977	19275336
7978	19276336
7979	19277336
7980	19294352
7981	19295352
7982	19296352
7983	19297360
7984	19298360
7985	19299360
7986	19300360
7987	19301360
7988	19302360
7989	19303360
7990	19319360
7991	19320360
7992	19321360
7993	19322360
7994	19323360
7995	19324360
7996	19325360
7997	19326360
7998	19327360
7999	19328360
8000	19345360
8001	19346360
8002	19347360
8003	19348360
8004	19349360
8005	19350360
8006	19351360
8007	19352360
8008	19353360
8009	19354360
8010	19370360
8011	19371360
8012	19372360
8013	19373360
8014	19374360
8015	19375360
8016	19376360
8017	19377360
8018	19378360
8019	19379360
8020	19396360
8021	19397360
8022	19398360
8023	19399360
8024	19400360
8025	19401360
8026	19402360
8027	19403360
8028	19404360
8029	19405360
8030	19421360
8031	19422360
8032	19423360
8033	19424360
8034	19425360
8035	19426360
8036	19427360
8037	19428360
8038	19429360
8039	19430360
8040	19447360
8041	19448360
8042	19449360
8043	19450360
8044	19451360
8045	19452360
8046	19453360
8047	19454360
8048	19455360
8049	19456360
8050	19472368
8051	19473368
8052	19474368
8053	19475368
8054	19476368
8055	19477376
8056	19478376
8057	19479376
8058	19480376
8059	19481376
8060	19498392
8061	19499392
8062	19500392
8063	19501392
8064	19502392
8065	19503400
8066	19504400
8067	19505400
8068	19506400
8069	19507400
8070	19523400
8071	19524400
8072	19525400
8073	19526400
8074	19527400
8075	19528400
8076	19529400
8077	19530400
8078	19531400
8079	19532400
8080	19549400
8081	19550400
8082	19551400
8083	19552400
8084	19553400
8085	19554400
8086	19555400
8087	19556400
8088	19557400
8089	19558400
8090	19574400
8091	19575400
8092	19576400
8093	19577400
8094	19578400
8095	19579400
8096	19580400
8097	19581400
8098	19582400
8099	19583400
8100	19600400
8101	19601400
8102	19602400
8103	19603400
8104	19604400
8105	19605400
8106	19606400
8107	19607400
8108	19608400
8109	19609400
8110	19625400
8111	19626400
8112	19627400
8113	19628400
8114	19629400
8115	19630400
8116	19631400
8117	19632400
8118	19633400
8119	19634400
8120	19651400
8121	19652400
8122	19653400
8123	19654400
8124	19655400
8125	19656400
8126	19657400
8127	19658400
8128	19659400
8129	19660400
8130	19676400
8131	19677400
8132	19678400
8133	19679400
8134	19680400
8135	19681400
8136	19682400
8137	19683400
8138	19684400
8139	19685408
8140	19702416
8141	19703416
8142	19704416
8143	19705416
8144	19706416
8145	19707416
8146	19708424
8147	19709424
8148	19710424
8149	19711424
8150	19727440
8151	19728440
8152	19729440
8153	19730440
8154	19731440
8155	19732440
8156	19733440
8157	19734440
8158	19735440
8159	19736440
8160	19753440
8161	19754440
8162	19755440
8163	19756440
8164	19757440
8165	19758440
8166	19759440
8167	19760440
8168	19761440
8169	19762440
8170	19778440
8171	19779440
8172	19780440
8173	19781440
8174	19782440
8175	19783440
8176	19784440
8177	19785440
8178	19786440
8179	19787440
8180	19804440
8181	19805440
8182	19806440
8183	19807440
8184	19808440
8185	19809440
8186	19810440
8187	19811440
8188	19812440
8189	19813440
8190	19829440
8191	19830440
8192	19831440
8193	19832440
8194	19833440
8195	19834440
8196	19835440
8197	19836440
8198	19837440
8199	19838440
8200	19855440
8201	19856440
8202	19857440
8203	19858440
8204	19859440
8205	19860440
8206	19861440
8207	19862440
8208	19863440
8209	19864440
8210	19880440
8211	19881440
8212	19882440
8213	19883440
8214	19884440
8215	19885440
8216	19886440
8217	19887440
8218	19888440
8219	19889440
8220	19906456
8221	19907456
8222	19908456
8223	19909456
8224	19910456
8225	19911456
8226	19912456
8227	19913456
8228	19914464
8229	19915464
8230	19931472
8231	19932480
8232	19933480
8233	19934480
8234	19935480
8235	19936480
8236	19937480
8237	19938480
8238	19939480
8239	19940480
8240	19957480
8241	19958480
8242	19959480
8243	19960480
8244	19961480
8245	19962480
8246	19963480
8247	19964480
8248	19965480
8249	19966480
8250	19982480
8251	19983480
8252	19984480
8253	19985480
8254	19986480
8255	19987480
8256	19988480
8257	19989480
8258	19990480
8259	19991480
8260	20008480
8261	20009480
8262	20010480
8263	20011480
8264	20012480
8265	20013480
8266	20014480
8267	20015480
8268	20016480
8269	20017480
8270	20033480
8271	20034480
8272	20035480
8273	20036480
8274	20037480
8275	20038480
8276	20039480
8277	20040480
8278	20041480
8279	20042480
8280	20059480
8281	20060480
8282	20061480
8283	20062480
8284	20063480
8285	20064480
8286	20065480
8287	20066480
8288	20067480
8289	20068480
8290	20084480
8291	20085480
8292	20086480
8293	20087480
8294	20088480
8295	20089480
8296	20090480
8297	20091480
8298	20092480
8299	20093480
8300	20110480
8301	20111480
8302	20112480
8303	20113480
8304	20114480
8305	20115488
8306	20116488
8307	20117488
8308	20118488
8309	20119488
8310	20135496
8311	20136496
8312	20137504
8313	20138504
8314	20139504
8315	20140504
8316	20141504
8317	20142504
8318	20143504
8319	20144504
8320	20161520
8321	20162520
8322	20163520
8323	20164520
8324	20165520
8325	20166520
8326	20167520
8327	20168520
8328	20169520
8329	20170520
8330	20186520
8331	20187520
8332	20188520
8333	20189520
8334	20190520
8335	20191520
8336	20192520
8337	20193520
8338	20194520
8339	20195520
8340	20212520
8341	20213520
8342	20214520
8343	20215520
8344	20216520
8345	20217520
8346	20218520
8347	20219520
8348	20220520
8349	20221520
8350	20237520
8351	20238520
8352	20239520
8353	20240520
8354	20241520
8355	20242520
8356	20243520
8357	20244520
8358	20245520
8359	20246520
8360	20263520
8361	20264520
8362	20265520
8363	20266520
8364	20267520
8365	20268520
8366	20269520
8367	20270520
8368	20271520
8369	20272520
8370	20288520
8371	20289520
8372	20290520
8373	20291520
8374	20292520
8375	20293520
8376	20294520
8377	20295520
8378	20296520
8379	20297520
8380	20314520
8381	20315520
8382	20316520
8383	20317520
8384	20318520
8385	20319520
8386	20320520
8387	20321520
8388	20322520
8389	20323520
8390	20339536
8391	20340536
8392	20341536
8393	20342536
8394	20343544
8395	20344544
8396	20345544
8397	20346544
8398	20347544
8399	20348544
8400	20365560
8401	20366560
8402	20367560
8403	20368560
8404	20369560
8405	20370560
8406	20371560
8407	20372560
8408	20373560
8409	20374560
8410	20390560
8411	20391560
8412	20392560
8413	20393560
8414	20394560
8415	20395560
8416	20396560
8417	20397560
8418	20398560
8419	20399560
8420	20416560
8421	20417560
8422	20418560
8423	20419560
8424	20420560
8425	20421560
8426	20422560
8427	20423560
8428	20424560
8429	20425560
8430	20441560
8431	20442560
8432	20443560
8433	20444560
8434	20445560
8435	20446560
8436	20447560
8437	20448560
8438	20449560
8439	20450560
8440	20467560
8441	20468560
8442	20469560
8443	20470560
8444	20471560
8445	20472560
8446	20473560
8447	20474560
8448	20475560
8449	20476560
8450	20492560
8451	20493560
8452	20494560
8453	20495560
8454	20496560
8455	20497560
8456	20498560
8457	20499560
8458	20500560
8459	20501560
8460	20518560
8461	20519560
8462	20520560
8463	20521560
8464	20522560
8465	20523560
8466	20524560
8467	20525560
8468	20526560
8469	20527560
8470	20543560
8471	20544560
8472	20545568
8473	20546568
8474	20547568
8475	20548568
8476	20549568
8477	20550568
8478	20551568
8479	20552568
8480	20569584
8481	20570584
8482	20571584
8483	20572584
8484	20573584
8485	20574584
8486	20575592
8487	20576592
8488	20577592
8489	20578592
8490	20594600
8491	20595600
8492	20596600
8493	20597600
8494	20598600
8495	20599600
8496	20600600
8497	20601600
8498	20602600
8499	20603600
8500	20620600
8501	20621600
8502	20622600
8503	20623600
8504	20624600
8505	20625600
8506	20626600
8507	20627600
8508	20628600
8509	20629600
8510	20645600
8511	20646600
8512	20647600
8513	20648600
8514	20649600
8515	20650600
8516	20651600
8517	20652600
8518	20653600
8519	20654600
8520	20671600
8521	20672600
8522	20673600
8523	20674600
8524	20675600
8525	20676600
8526	20677600
8527	20678600
8528	20679600
8529	20680600
8530	20696600
8531	20697600
8532	20698600
8533	20699600
8534	20700600
8535	20701600
8536	20702600
8537	20703600
8538	20704600
8539	20705600
8540	20722600
8541	20723600
8542	20724600
8543	20725600
8544	20726600
8545	20727600
8546	20728600
8547	20729600
8548	20730600
8549	20731600
8550	20747600
8551	20748600
8552	20749600
8553	20750600
8554	20751600
8555	20752600
8556	20753600
8557	20754600
8558	20755600
8559	20756600
8560	20773624
8561	20774624
8562	20775624
8563	20776624
8564	20777624
8565	20778624
8566	20779624
8567	20780624
8568	20781632
8569	20782632
8570	20798640
8571	20799640
8572	20800640
8573	20801640
8574	20802640
8575	20803640
8576	20804640
8577	20805640
8578	20806640
8579	20807640
8580	20824640
8581	20825640
8582	20826640
8583	20827640
8584	20828640
8585	20829640
8586	20830640
8587	20831640
8588	20832640
8589	20833640
8590	20849640
8591	20850640
8592	20851640
8593	20852640
8594	20853640
8595	20854640
8596	20855640
8597	20856640
8598	20857640
8599	20858640
8600	20875640
8601	20876640
8602	20877640
8603	20878640
8604	20879640
8605	20880640
8606	20881640
8607	20882640
8608	20883640
8609	20884640
8610	20900640
8611	20901640
8612	20902640
8613	20903640
8614	20904640
8615	20905640
8616	20906640
8617	20907640
8618	20908640
8619	20909640
8620	20926640
8621	20927640
8622	20928640
8623	20929640
8624	20930640
8625	20931640
8626	20932640
8627	20933640
8628	20934640
8629	20935640
8630	20951640
8631	20952640
8632	20953640
8633	20954640
8634	20955640
8635	20956640
8636	20957640
8637	20958640
8638	20959640
8639	20960640
8640	20977648
8641	20978648
8642	20979648
8643	20980648
8644	20981648
8645	20982648
8646	20983648
8647	20984648
8648	20985648
8649	20986648
8650	21002664
8651	21003664
8652	21004672
8653	21005672
8654	21006672
8655	21007672
8656	21008672
8657	21009672
8658	21010672
8659	21011672
8660	21028680
8661	21029680
8662	21030680
8663	21031680
8664	21032680
8665	21033680
8666	21034680
8667	21035680
8668	21036680
8669	21037680
8670	21053680
8671	21054680
8672	21055680
8673	21056680
8674	21057680
8675	21058680
8676	21059680
8677	21060680
8678	21061680
8679	21062680
8680	21079680
8681	21080680
8682	21081680
8683	21082680
8684	21083680
8685	21084680
8686	21085680
8687	21086680
8688	21087680
8689	21088680
8690	21104680
8691	21105680
8692	21106680
8693	21107680
8694	21108680
8695	21109680
8696	21110680
8697	21111680
8698	21112680
8699	21113680
8700	21130680
8701	21131680
8702	21132680
8703	21133680
8704	21134680
8705	21135680
8706	21136680
8707	21137680
8708	21138680
8709	21139680
8710	21155680
8711	21156680
8712	21157680
8713	21158680
8714	21159680
8715	21160680
8716	21161680
8717	21162680
8718	21163680
8719	21164680
8720	21181680
8721	21182680
8722	21183680
8723	21184680
8724	21185680
8725	21186680
8726	21187680
8727	21188680
8728	21189680
8729	21190688
8730	21206704
8731	21207704
8732	21208704
8733	21209704
8734	21210712
8735	21211712
8736	21212712
8737	21213712
8738	21214712
8739	21215712
8740	21232720
8741	21233720
8742	21234720
8743	21235720
8744	21236720
8745	21237720
8746	21238720
8747	21239720
8748	21240720
8749	21241720
8750	21257720
8751	21258720
8752	21259720
8753	21260720
8754	21261720
8755	21262720
8756	21263720
8757	21264720
8758	21265720
8759	21266720
8760	21283720
8761	21284720
8762	21285720
8763	21286720
8764	21287720
8765	21288720
8766	21289720
8767	21290720
8768	21291720
8769	21292720
8770	21308720
8771	21309720
8772	21310720
8773	21311720
8774	21312720
8775	21313720
8776	21314720
8777	21315720
8778	21316720
8779	21317720
8780	21334720
8781	21335720
8782	21336720
8783	21337720
8784	21338720
8785	21339720
8786	21340720
8787	21341720
8788	21342720
8789	21343720
8790	21359720
8791	21360720
8792	21361720
8793	21362720
8794	21363720
8795	21364720
8796	21365720
8797	21366720
8798	21367720
8799	21368720
8800	21385720
8801	21386720
8802	21387720
8803	21388720
8804	21389720
8805	21390720
8806	21391720
8807	21392720
8808	21393720
8809	21394720
8810	21410728
8811	21411728
8812	21412728
8813	21413728
8814	21414728
8815	21415728
8816	21416736
8817	21417736
8818	21418736
8819	21419736
8820	21436752
8821	21437752
8822	21438752
8823	21439752
8824	21440752
8825	21441752
8826	21442760
8827	21443760
8828	21444760
8829	21445760
8830	21461760
8831	21462760
8832	21463760
8833	21464760
8834	21465760
8835	21466760
8836	21467760
8837	21468760
8838	21469760
8839	21470760
8840	21487760
8841	21488760
8842	21489760
8843	21490760
8844	21491760
8845	21492760
8846	21493760
8847	21494760
8848	21495760
8849	21496760
8850	21512760
8851	21513760
8852	21514760
8853	21515760
8854	21516760
8855	21517760
8856	21518760
8857	21519760
8858	21520760
8859	21521760
8860	21538760
8861	21539760
8862	21540760
8863	21541760
8864	21542760
8865	21543760
8866	21544760
8867	21545760
8868	21546760
8869	21547760
8870	21563760
8871	21564760
8872	21565760
8873	21566760
8874	21567760
8875	21568760
8876	21569760
8877	21570760
8878	21571760
8879	21572760
8880	21589760
8881	21590760
8882	21591760
8883	21592760
8884	21593760
8885	21594760
8886	21595760
8887	21596760
8888	21597760
8889	21598760
8890	21614760
8891	21615760
8892	21616760
8893	21617760
8894	21618760
8895	21619760
8896	21620768
8897	21621768
8898	21622776
8899	21623776
8900	21640792
8901	21641792
8902	21642792
8903	21643792
8904	21644792
8905	21645792
8906	21646792
8907	21647792
8908	21648800
8909	21649800
8910	21665800
8911	21666800
8912	21667800
8913	21668800
8914	21669800
8915	21670800
8916	21671800
8917	21672800
8918	21673800
8919	21674800
8920	21690800
8921	21691800
8922	21692800
8923	21693800
8924	21694800
8925	21695800
8926	21696800
8927	21697800
8928	21698800
8929	21699800
8930	21716800
8931	21717800
8932	21718800
8933	21719800
8934	21720800
8935	21721800
8936	21722800
8937	21723800
8938	21724800
8939	21725800
8940	21741800
8941	21742800
8942	21743800
8943	21744800
8944	21745800
8945	21746800
8946	21747800
8947	21748800
8948	21749800
8949	21750800
8950	21767800
8951	21768800
8952	21769800
8953	21770800
8954	21771800
8955	21772800
8956	21773800
8957	21774800
8958	21775800
8959	21776800
8960	21792800
8961	21793808
8962	21794816
8963	21795816
8964	21796816
8965	21797816
8966	21798816
8967	21799816
8968	21800816
8969	21801816
8970	21818832
8971	21819832
8972	21820840
8973	21821840
8974	21822840
8975	21823840
8976	21824840
8977	21825840
8978	21826840
8979	21827840
8980	21843840
8981	21844840
8982	21845840
8983	21846840
8984	21847840
8985	21848840
8986	21849840
8987	21850840
8988	21851840
8989	21852840
8990	21869840
8991	21870840
8992	21871840
8993	21872840
8994	21873840
8995	21874840
8996	21875840
8997	21876840
8998	21877840
8999	21878840
9000	21894840
9001	21895840
9002	21896840
9003	21897840
9004	21898840
9005	21899840
9006	21900840
9007	21901840
9008	21902840
9009	21903840
9010	21920840
9011	21921840
9012	21922840
9013	21923840
9014	21924840
9015	21925840
9016	21926840
9017	21927840
9018	21928840
9019	21929840
9020	21945840
9021	21946840
9022	21947840
9023	21948840
9024	21949840
9025	21950840
9026	21951840
9027	21952840
9028	21953840
9029	21954840
9030	21971856
9031	21972856
9032	21973856
9033	21974864
9034	21975864
9035	21976864
9036	21977864
9037	21978864
9038	21979864
9039	21980864
9040	21996880
9041	21997880
9042	21998880
9043	21999880
9044	22000880
9045	22001880
9046	22002880
9047	22003880
9048	22004880
9049	22005880
9050	22022880
9051	22023880
9052	22024880
9053	22025880
9054	22026880
9055	22027880
9056	22028880
9057	22029880
9058	22030880
9059	22031880
9060	22047880
9061	22048880
9062	22049880
9063	22050880
9064	22051880
9065	22052880
9066	22053880
9067	22054880
9068	22055880
9069	22056880
9070	22073880
9071	22074880
9072	22075880
9073	22076880
9074	22077880
9075	22078880
9076	22079880
9077	22080880
9078	22081880
9079	22082880
9080	22098880
9081	22099880
9082	22100880
9083	22101880
9084	22102880
9085	22103880
9086	22104880
9087	22105880
9088	22106880
9089	22107880
9090	22124880
9091	22125880
9092	22126880
9093	22127880
9094	22128880
9095	22129880
9096	22130880
9097	22131880
9098	22132880
9099	22133880
9100	22149880
9101	22150880
9102	22151880
9103	22152880
9104	22153880
9105	22154880
9106	22155880
9107	22156880
9108	22157880
9109	22158880
9110	22175880
9111	22176880
9112	22177880
9113	22178880
9114	22179880
9115	22180888
9116	22181888
9117	22182888
9118	22183888
9119	22184888
9120	22200904
9121	22201904
9122	22202904
9123	22203904
9124	22204904
9125	22205904
9126	22206912
9127	22207912
9128	22208912
9129	22209912
9130	22226928
9131	22227928
9132	22228928
9133	22229928
9134	22230928
9135	22231928
9136	22232928
9137	22233928
9138	22234928
9139	22235928
9140	22251944
9141	22252944
9142	22253944
9143	22254944
9144	22255944
9145	22256944
9146	22257944
9147	22258944
9148	22259952
9149	22260952
9150	22277960
9151	22278960
9152	22279960
9153	22280960
9154	22281960
9155	22282960
9156	22283960
9157	22284960
9158	22285960
9159	22286960
9160	22302960
9161	22303960
9162	22304960
9163	22305960
9164	22306960
9165	22307960
9166	22308960
9167	22309960
9168	22310960
9169	22311960
9170	22328960
9171	22329960
9172	22330960
9173	22331960
9174	22332960
9175	22333960
9176	22334960
9177	22335960
9178	22336960
9179	22337960
9180	22353960
9181	22354968
9182	22355968
9183	22356968
9184	22357968
9185	22358968
9186	22359968
9187	22360968
9188	22361968
9189	22362968
9190	22379984
9191	22380992
9192	22381992
9193	22382992
9194	22383992
9195	22384992
9196	22385992
9197	22386992
9198	22387992
9199	22388992
9200	22405008
9201	22406008
9202	22407008
9203	22408008
9204	22409008
9205	22410008
9206	22411008
9207	22412008
9208	22413008
9209	22414008
9210	22431024
9211	22432024
9212	22433024
9213	22434032
9214	22435032
9215	22436032
9216	22437032
9217	22438032
9218	22439032
9219	22440032
9220	22456040
9221	22457040
9222	22458040
9223	22459040
9224	22460040
9225	22461040
9226	22462040
9227	22463040
9228	22464040
9229	22465040
9230	22482040
9231	22483040
9232	22484040
9233	22485040
9234	22486040
9235	22487040
9236	22488040
9237	22489040
9238	22490040
9239	22491040
9240	22507040
9241	22508040
9242	22509040
9243	22510040
9244	22511040
9245	22512040
9246	22513040
9247	22514040
9248	22515040
9249	22516040
9250	22533048
9251	22534048
9252	22535048
9253	22536048
9254	22537048
9255	22538056
9256	22539056
9257	22540056
9258	22541056
9259	22542056
9260	22558072
9261	22559072
9262	22560072
9263	22561072
9264	22562072
9265	22563072
9266	22564080
9267	22565080
9268	22566080
9269	22567080
9270	22584088
9271	22585088
9272	22586088
9273	22587088
9274	22588088
9275	22589088
9276	22590088
9277	22591096
9278	22592096
9279	22593096
9280	22609112
9281	22610112
9282	22611112
9283	22612112
9284	22613112
9285	22614112
9286	22615112
9287	22616112
9288	22617120
9289	22618120
9290	22635120
9291	22636120
9292	22637120
9293	22638120
9294	22639120
9295	22640120
9296	22641120
9297	22642120
9298	22643120
9299	22644120
9300	22660120
9301	22661120
9302	22662120
9303	22663120
9304	22664120
9305	22665120
9306	22666120
9307	22667120
9308	22668120
9309	22669120
9310	22686120
9311	22687120
9312	22688120
9313	22689120
9314	22690120
9315	22691120
9316	22692120
9317	22693120
9318	22694120
9319	22695120
9320	22711128
9321	22712136
9322	22713136
9323	22714136
9324	22715136
9325	22716136
9326	22717136
9327	22718136
9328	22719136
9329	22720144
9330	22737152
9331	22738160
9332	22739160
9333	22740160
9334	22741160
9335	22742160
9336	22743160
9337	22744160
9338	22745160
9339	22746160
9340	22762168
9341	22763168
9342	22764168
9343	22765176
9344	22766176
9345	22767176
9346	22768176
9347	22769176
9348	22770176
9349	22771176
9350	22788192
9351	22789192
9352	22790192
9353	22791200
9354	22792200
9355	22793200
9356	22794200
9357	22795200
9358	22796200
9359	22797200
9360	22813200
9361	22814200
9362	22815200
9363	22816200
9364	22817200
9365	22818200
9366	22819200
9367	22820200
9368	22821200
9369	22822200
9370	22839200
9371	22840200
9372	22841200
9373	22842200
9374	22843200
9375	22844200
9376	22845200
9377	22846200
9378	22847200
9379	22848200
9380	22864200
9381	22865200
9382	22866200
9383	22867200
9384	22868200
9385	22869200
9386	22870200
9387	22871200
9388	22872200
9389	22873200
9390	22890216
9391	22891216
9392	22892216
9393	22893216
9394	22894224
9395	22895224
9396	22896224
9397	22897224
9398	22898224
9399	22899224
9400	22915240
9401	22916240
9402	22917240
9403	22918240
9404	22919240
9405	22920240
9406	22921248
9407	22922248
9408	22923248
9409	22924248
9410	22941256
9411	22942256
9412	22943256
9413	22944256
9414	22945256
9415	22946256
9416	22947264
9417	22948264
9418	22949264
9419	22950264
9420	22966280
9421	22967280
9422	22968280
9423	22969280
9424	22970280
9425	22971280
9426	22972280
9427	22973280
9428	22974280
9429	22975280
9430	22992280
9431	22993280
9432	22994280
9433	22995280
9434	22996280
9435	22997280
9436	22998280
9437	22999280
9438	23000280
9439	23001280
9440	23017280
9441	23018280
9442	23019280
9443	23020280
9444	23021280
9445	23022280
9446	23023280
9447	23024280
9448	23025280
9449	23026280
9450	23043280
9451	23044280
9452	23045280
9453	23046280
9454	23047280
9455	23048280
9456	23049280
9457	23050280
9458	23051280
9459	23052280
9460	23068280
9461	23069280
9462	23070280
9463	23071280
9464	23072280
9465	23073280
9466	23074280
9467	23075280
9468	23076280
9469	23077280
9470	23094280
9471	23095280
9472	23096280
9473	23097280
9474	23098280
9475	23099280
9476	23100280
9477	23101280
9478	23102280
9479	23103280
9480	23119280
9481	23120280
9482	23121280
9483	23122280
9484	23123280
9485	23124280
9486	23125280
9487	23126280
9488	23127280
9489	23128280
9490	23145296
9491	23146296
9492	23147296
9493	23148296
9494	23149296
9495	23150296
9496	23151296
9497	23152296
9498	23153304
9499	23154304
9500	23170312
9501	23171320
9502	23172320
9503	23173320
9504	23174320
9505	23175320
9506	23176320
9507	23177320
9508	23178320
9509	23179320
9510	23195320
9511	23196320
9512	23197320
9513	23198320
9514	23199320
9515	23200320
9516	23201320
9517	23202320
9518	23203320
9519	23204320
9520	23221320
9521	23222320
9522	23223320
9523	23224320
9524	23225320
9525	23226320
9526	23227320
9527	23228320
9528	23229320
9529	23230320
9530	23246320
9531	23247320
9532	23248320
9533	23249320
9534	23250320
9535	23251320
9536	23252320
9537	23253320
9538	23254320
9539	23255320
9540	23272320
9541	23273320
9542	23274320
9543	23275320
9544	23276320
9545	23277320
9546	23278320
9547	23279320
9548	23280320
9549	23281320
9550	23297320
9551	23298320
9552	23299320
9553	23300320
9554	23301320
9555	23302320
9556	23303320
9557	23304320
9558	23305320
9559	23306320
9560	23323320
9561	23324320
9562	23325320
9563	23326320
9564	23327320
9565	23328320
9566	23329320
9567	23330320
9568	23331320
9569	23332320
9570	23348320
9571	23349320
9572	23350320
9573	23351328
9574	23352328
9575	23353328
9576	23354328
9577	23355328
9578	23356328
9579	23357328
9580	23374336
9581	23375336
9582	23376344
9583	23377344
9584	23378344
9585	23379344
9586	23380344
9587	23381344
9588	23382344
9589	23383344
9590	23399360
9591	23400360
9592	23401360
9593	23402360
9594	23403360
9595	23404360
9596	23405360
9597	23406360
9598	23407360
9599	23408360
9600	23425360
9601	23426360
9602	23427360
9603	23428360
9604	23429360
9605	23430360
9606	23431360
9607	23432360
9608	23433360
9609	23434360
9610	23450360
9611	23451360
9612	23452360
9613	23453360
9614	23454360
9615	23455360
9616	23456360
9617	23457360
9618	23458360
9619	23459360
9620	23476360
9621	23477360
9622	23478360
9623	23479360
9624	23480360
9625	23481360
9626	23482360
9627	23483360
9628	23484360
9629	23485360
9630	23501360
9631	23502360
9632	23503360
9633	23504360
9634	23505360
9635	23506360
9636	23507360
9637	23508360
9638	23509360
9639	23510360
9640	23527360
9641	23528360
9642	23529360
9643	23530360
9644	23531360
9645	23532360
9646	23533360
9647	23534360
9648	23535360
9649	23536360
9650	23552360
9651	23553360
9652	23554360
9653	23555360
9654	23556360
9655	23557360
9656	23558360
9657	23559360
9658	23560360
9659	23561360
9660	23578376
9661	23579376
9662	23580376
9663	23581376
9664	23582384
9665	23583384
9666	23584384
9667	23585384
9668	23586384
9669	23587384
9670	23603400
9671	23604400
9672	23605400
9673	23606400
9674	23607400
9675	23608400
9676	23609400
9677	23610400
9678	23611400
9679	23612400
9680	23629400
9681	23630400
9682	23631400
9683	23632400
9684	23633400
9685	23634400
9686	23635400
9687	23636400
9688	23637400
9689	23638400
9690	23654400
9691	23655400
9692	23656400
9693	23657400
9694	23658400
9695	23659400
9696	23660400
9697	23661400
9698	23662400
9699	23663400
9700	23680400
9701	23681400
9702	23682400
9703	23683400
9704	23684400
9705	23685400
9706	23686400
9707	23687400
9708	23688400
9709	23689400
9710	23705400
9711	23706400
9712	23707400
9713	23708400
9714	23709400
9715	23710400
9716	23711400
9717	23712400
9718	23713400
9719	23714400
9720	23731400
9721	23732400
9722	23733400
9723	23734400
9724	23735400
9725	23736400
9726	23737400
9727	23738400
9728	23739400
9729	23740400
9730	23756400
9731	23757400
9732	23758400
9733	23759400
9734	23760400
9735	23761400
9736	23762400
9737	23763400
9738	23764400
9739	23765400
9740	23782408
9741	23783408
9742	23784408
9743	23785408
9744	23786408
9745	23787408
9746	23788408
9747	23789408
9748	23790408
9749	23791408
9750	23807424
9751	23808424
9752	23809424
9753	23810424
9754	23811424
9755	23812424
9756	23813424
9757	23814432
9758	23815432
9759	23816432
9760	23833440
9761	23834440
9762	23835440
9763	23836440
9764	23837440
9765	23838440
9766	23839440
9767	23840440
9768	23841440
9769	23842440
9770	23858440
9771	23859440
9772	23860440
9773	23861440
9774	23862440
9775	23863440
9776	23864440
9777	23865440
9778	23866440
9779	23867440
9780	23884440
9781	23885440
9782	23886440
9783	23887440
9784	23888440
9785	23889440
9786	23890440
9787	23891440
9788	23892440
9789	23893440
9790	23909440
9791	23910440
9792	23911440
9793	23912440
9794	23913440
9795	23914440
9796	23915440
9797	23916440
9798	23917440
9799	23918440
9800	23935440
9801	23936440
9802	23937440
9803	23938440
9804	23939440
9805	23940440
9806	23941440
9807	23942440
9808	23943440
9809	23944440
9810	23960440
9811	23961440
9812	23962440
9813	23963440
9814	23964440
9815	23965440
9816	23966440
9817	23967440
9818	23968440
9819	23969440
9820	23986440
9821	23987440
9822	23988440
9823	23989440
9824	23990440
9825	23991440
9826	23992440
9827	23993440
9828	23994440
9829	23995440
9830	24011464
9831	24012464
9832	24013464
9833	24014464
9834	24015464
9835	24016464
9836	24017464
9837	24018464
9838	24019464
9839	24020472
9840	24037480
9841	24038480
9842	24039480
9843	24040480
9844	24041480
9845	24042480
9846	24043480
9847	24044480
9848	24045480
9849	24046480
9850	24062480
9851	24063480
9852	24064480
9853	24065480
9854	24066480
9855	24067480
9856	24068480
9857	24069480
9858	24070480
9859	24071480
9860	24088480
9861	24089480
9862	24090480
9863	24091480
9864	24092480
9865	24093480
9866	24094480
9867	24095480
9868	24096480
9869	24097480
9870	24113480
9871	24114480
9872	24115480
9873	24116480
9874	24117480
9875	24118480
9876	24119480
9877	24120480
9878	24121480
9879	24122480
9880	24139480
9881	24140480
9882	24141480
9883	24142480
9884	24143480
9885	24144480
9886	24145480
9887	24146480
9888	24147480
9889	24148480
9890	24164480
9891	24165480
9892	24166480
9893	24167480
9894	24168480
9895	24169480
9896	24170480
9897	24171480
9898	24172480
9899	24173480
9900	24190480
9901	24191480
9902	24192480
9903	24193480
9904	24194480
9905	24195480
9906	24196480
9907	24197480
9908	24198480
9909	24199480
9910	24215488
9911	24216488
9912	24217488
9913	24218488
9914	24219488
9915	24220488
9916	24221488
9917	24222488
9918	24223488
9919	24224488
9920	24241504
9921	24242504
9922	24243512
9923	24244512
9924	24245512
9925	24246512
9926	24247512
9927	24248512
9928	24249512
9929	24250512
9930	24266520
9931	24267520
9932	24268520
9933	24269520
9934	24270520
9935	24271520
9936	24272520
9937	24273520
9938	24274520
9939	24275520
9940	24292520
9941	24293520
9942	24294520
9943	24295520
9944	24296520
9945	24297520
9946	24298520
9947	24299520
9948	24300520
9949	
