110161984	512
110172496	512
110183008	512
110193520	511
110204032	512
110214544	512
110225056	511
110235568	512
110246080	512
110256592	512
110267104	512
110277616	511
110288128	511
110298640	512
110309152	511
110319664	512
110330176	512
110340688	511
110351200	511
110361728	512
110372240	512
110382752	512
110393264	512
110403776	511
110414288	510
110424800	511
110435312	511
110445824	512
110456336	512
110466848	512
110477360	511
110487872	511
110498384	512
110508896	512
110519408	512
110529920	512
110540432	511
110550944	512
110561456	511
110571968	512
110582480	511
110592992	512
110603504	512
110614016	511
110624528	512
110635040	511
110645552	510
110656064	512
110666576	512
110677088	511
110687600	512
110698112	512
110708624	512
110719136	512
110729648	511
110740160	512
110750672	512
110761184	511
110771696	511
110782208	512
110792720	512
110803232	512
110813744	512
110824256	511
110834768	511
110845280	512
110855792	512
110866304	512
110876816	512
110887328	512
110897840	512
110908352	512
110918880	511
110929392	511
110939904	512
110950416	511
110960928	511
110971440	512
110981952	511
110992464	512
111002976	511
111013488	511
111024000	511
111034512	512
111045024	511
111055536	511
111066048	512
111076576	512
111087088	511
111097600	511
111108112	512
111118624	511
111129136	511
111139648	511
111150160	511
111160672	511
111171184	512
111181696	511
111192208	512
111202720	509
111213232	512
111223744	511
111234272	511
111244784	512
111255296	512
111265808	511
111276320	512
111286832	512
111297344	512
111307856	512
111318368	510
111328880	511
111339392	511
111349904	511
111360416	512
111370928	511
111381440	512
111391968	512
111402480	512
111412992	511
111423504	511
111434016	512
111444528	511
111455040	512
111465552	512
111476064	512
111486576	511
111497088	512
111507600	511
111518112	512
111528624	511
111539136	512
111549664	511
111560176	512
111570688	511
111581200	511
111591712	511
111602224	512
111612736	512
111623248	512
111633760	510
111644272	511
111654784	511
111665296	511
111675808	512
111686320	512
111696832	512
111707344	511
111717856	512
111728368	512
111738880	511
111749392	511
111759904	512
111770416	512
111780928	511
111791440	512
111801952	512
111812464	512
111822976	511
111833488	512
111844000	511
111854512	511
111865024	511
111875536	512
111886048	512
111896560	511
111907072	512
111917584	512
111928096	512
111938608	511
111949120	511
111959632	512
111970144	511
111980656	511
111991168	511
112001680	511
112012192	511
112022704	512
112033216	511
112043728	511
112054240	511
112064752	512
112075264	512
112085776	511
112096288	512
112106800	511
112117312	511
112127824	511
112138336	512
112148848	511
112159360	511
112169872	511
112180384	511
112190896	512
112201408	512
112211920	510
112222432	511
112232944	511
112243456	511
112253968	512
112264480	511
112274992	511
112285504	512
112296016	512
112306528	512
112317040	512
112327552	511
112338064	511
112348576	512
112359088	512
112369600	511
112380112	511
112390624	511
112401136	512
112411648	512
112422160	512
112432672	512
112443184	512
112453696	511
112464208	511
112474720	512
112485232	512
112495744	511
112506256	512
112516768	512
112527280	511
112537792	511
112548304	511
112558816	512
112569328	512
112579840	512
112590352	512
112600864	512
112611376	512
112621888	512
112632400	511
112642912	511
112653424	511
112663936	511
112674448	511
112684960	511
112695472	512
112705984	512
112716496	511
112727008	512
112737520	511
112748032	511
112758544	512
112769056	511
112779568	511
112790080	511
112800592	511
112811104	511
112821616	512
112832128	512
112842640	511
112853152	512
112863664	511
112874176	511
112884688	511
112895200	512
112905712	512
112916224	511
112926736	511
112937248	511
112947760	512
112958272	511
112968784	511
112979296	512
112989808	512
113000320	512
113010832	512
113021344	511
113031856	512
113042368	512
113052896	511
113063408	511
113073920	512
113084432	512
113094944	512
113105456	512
113115968	512
113126480	511
113136992	511
113147504	511
113158016	511
113168528	509
113179040	512
113189552	512
113200064	511
113210576	511
113221088	512
113231600	511
113242112	511
113252624	512
113263136	511
113273648	511
113284160	512
113294672	511
113305184	512
113315696	511
113326208	512
113336720	511
113347232	512
113357744	512
113368256	511
113378768	512
113389280	512
113399792	512
113410304	509
113420816	511
113431328	511
113441840	512
113452352	511
113462864	512
113473376	511
113483888	511
113494400	511
113504912	511
113515424	512
113525936	512
113536448	511
113546960	512
113557472	511
113567984	512
113578496	511
113589008	512
113599520	512
113610032	512
113620544	511
113631056	512
113641568	512
113652080	512
113662592	512
113673104	512
113683632	511
113694144	512
113704656	511
113715168	511
113725680	512
113736192	511
113746704	512
113757216	512
113767728	512
113778240	512
113788752	512
113799264	512
113809776	512
113820288	512
113830800	511
113841312	512
113851824	512
113862336	511
113872848	511
113883360	512
113893872	511
113904384	512
113914896	511
113925408	512
113935920	510
113946432	512
113956944	511
113967456	512
113977968	512
113988480	512
113998992	512
114009504	512
114020016	512
114030528	511
114041040	512
114051552	512
114062064	511
114072576	512
114083088	511
114093600	511
114104112	512
114114624	511
114125136	512
114135648	511
114146160	511
114156672	512
114167184	512
114177696	512
114188208	511
114198720	511
114209232	511
114219744	511
114230256	512
114240768	511
114251280	512
114261792	512
114272304	512
114282816	511
114293328	511
114303840	512
114314368	511
114324880	512
114335392	511
114345904	511
114356416	512
114366928	512
114377440	512
114387952	512
114398464	512
114408976	512
114419488	511
114430000	511
114440512	512
114451024	512
114461536	511
114472064	512
114482576	511
114493088	512
114503600	511
114514112	512
114524624	511
114535136	512
114545648	511
114556160	512
114566672	511
114577184	512
114587696	512
114598208	512
114608720	512
114619232	512
114629760	512
114640272	512
114650784	511
114661296	511
114671808	512
114682320	512
114692832	512
114703344	512
114713856	512
114724368	511
114734880	511
114745392	512
114755904	511
114766416	511
114776928	511
114787456	512
114797968	512
114808480	512
114818992	512
114829504	511
114840016	511
114850528	511
114861040	511
114871552	512
114882064	512
114892576	512
114903088	512
114913600	512
114924112	512
114934624	512
114945152	511
114955664	512
114966176	512
114976688	512
114987200	512
114997712	512
115008224	512
115018736	512
115029248	512
115039760	512
115050272	512
115060784	510
115071296	512
115081808	512
115092320	512
115102848	512
115113360	512
